x0:0.9999999860
x1:0.9999995547
x2:0.9999999866
x3:0.9999999855
x4:0.9999999855
x5:0.9999999860
x6:0.9999999866
x7:0.9999999860
x8:0.9999999855
x9:0.9999999860
x10:0.9999999866
x11:0.9999999866
x12:0.9999999866
x13:0.9999999860
x14:0.9999999860
x15:0.9999995547
x16:0.9999999860
x17:0.9999999860
x18:0.9999999860
x19:0.9999999860
x20:0.9999999866
x21:0.9999995547
x22:0.9999999860
x23:0.9999999855
x24:0.9999999866
x25:0.9999995547
x26:0.9999999855
x27:0.9999999860
x28:0.9999999855
x29:0.9999999855
x30:0.9999999866
x31:0.9999999855
